4e_cat0= 115 120 124 125 126 130 
4e_cat1= 124 125 126 130 135
4e_cat2= 115 120 124 125 126 130 135 140
4e_cat3= 115 120 124 125 126 130 135 140
4e_cat4= 115 120 124 125 126 130 135 140
4e_cat5= 115 120 124 125 126 130 135 140
4e_cat6= 115 120 124 125 126 130 135 140
4e_cat7= 115 120 124 125 126 130 135 140
4e_cat8= 115 120 124 125 126 130 135 140
4mu_cat0= 120 125 126 130 135 140
4mu_cat1= 115 120 124 125 126 
4mu_cat2= 115 120 124 125 126 140
4mu_cat3= 115 120 124 125 126 130 135 140
4mu_cat4= 115 124 
4mu_cat5= 120 124 125 126 130 135 140
4mu_cat6= 115 120 124 125 135 140
4mu_cat7= 120 124 125 140
4mu_cat8= 120 124 125 126 135
2e2mu_cat0= 120 124 125 126 130 140
2e2mu_cat1= 115 120 124 125 126 130 135 140
2e2mu_cat2= 115 120 124 125 126 130 135 140
2e2mu_cat3= 115 120 124 125 126 130 135 140
2e2mu_cat4= 115 120 124 125 126 130 135 140
2e2mu_cat5= 115 120 124 125 126 130 135 140
2e2mu_cat6= 124 125 126 130 140
2e2mu_cat7= 115 120 124 125 126 130 135 140
2e2mu_cat8= 115 120 124 125 126 130 135 140
